read end
read end
data_num:718
train start
train_cov.shape :  (4, 3, 3)
0 - 0
False
fit
train_cov.shape :  (4, 3, 3)
0 - 1
False
fit
train_cov.shape :  (4, 3, 3)
0 - 2
False
fit
train_cov.shape :  (4, 3, 3)
0 - 3
False
fit
train_cov.shape :  (4, 3, 3)
0 - 4
False
fit
train_cov.shape :  (4, 3, 3)
0 - 5
False
fit
train_cov.shape :  (4, 3, 3)
0 - 6
False
fit
train_cov.shape :  (4, 3, 3)
1 - 0
False
fit
train_cov.shape :  (4, 3, 3)
1 - 1
False
fit
train_cov.shape :  (4, 3, 3)
1 - 2
False
fit
train_cov.shape :  (4, 3, 3)
1 - 3
False
fit
train_cov.shape :  (4, 3, 3)
1 - 4
False
fit
train_cov.shape :  (4, 3, 3)
1 - 5
False
fit
train_cov.shape :  (4, 3, 3)
1 - 6
False
fit
train_cov.shape :  (4, 3, 3)
2 - 0
False
fit
train_cov.shape :  (4, 3, 3)
2 - 1
False
fit
train_cov.shape :  (4, 3, 3)
2 - 2
False
fit
train_cov.shape :  (4, 3, 3)
2 - 3
False
fit
train_cov.shape :  (4, 3, 3)
2 - 4
False
fit
train_cov.shape :  (4, 3, 3)
2 - 5
False
fit
train_cov.shape :  (4, 3, 3)
2 - 6
False
fit
train_cov.shape :  (4, 3, 3)
3 - 0
False
fit
train_cov.shape :  (4, 3, 3)
3 - 1
False
fit
train_cov.shape :  (4, 3, 3)
3 - 2
False
fit
train_cov.shape :  (4, 3, 3)
3 - 3
False
fit
train_cov.shape :  (4, 3, 3)
3 - 4
False
fit
train_cov.shape :  (4, 3, 3)
3 - 5
False
fit
train_cov.shape :  (4, 3, 3)
3 - 6
False
fit
train_cov.shape :  (4, 3, 3)
4 - 0
False
fit
train_cov.shape :  (4, 3, 3)
4 - 1
False
fit
train_cov.shape :  (4, 3, 3)
4 - 2
False
fit
train_cov.shape :  (4, 3, 3)
4 - 3
False
fit
train_cov.shape :  (4, 3, 3)
4 - 4
False
fit
train_cov.shape :  (4, 3, 3)
4 - 5
False
fit
train_cov.shape :  (4, 3, 3)
4 - 6
False
fit
train end
classification start
classification :  0
(3, 924)
[ -691.933741   -6753.02181524  -698.69081521 -3061.85487917
 -1115.17215399 -2559.08049252 -1709.79993439  -504.84935729
 -1120.01642712 -8490.68705688  -803.87361792   768.04026433
 -6492.90316007 -1352.4280428  -3234.272976   -8382.12489584
 -2626.16299347 -7033.55218488  -424.22332864 -2572.75919681
 -2997.63751205 -1266.92190186 -3728.83162566   106.10040348
 -1581.9701517  -1838.22759031  -231.87853669   -58.66359149
 -3703.64725942 -3301.14997586 -3003.33123423 -6205.94600004
 -3486.35633883  -295.71964202 -7883.23262206]
classification :  1
(3, 924)
[-4030.003401   -4166.09342524 -1360.92856066  -645.08713127
  -890.93884787 -3359.76523016 -3808.72627777 -1120.02188219
  -944.84337888 -3593.22238012  -299.83935472   291.10577651
 -1266.27495691  -552.42153701 -1901.97241759 -4513.77025665
  -242.78477635 -1735.54430736  -234.98866312  -433.88958638
  -203.4397512  -1255.40852691 -4168.52361245  -864.48447381
 -1291.1117384  -2205.81334961  -610.23454144  -256.80591567
 -2657.3190675  -2515.62852633 -1483.07962004 -4028.11399681
 -1660.70370376    20.17098574 -2410.26548858]
classification :  2
(3, 924)
[-12456.81498656  -6426.301802    -3590.60269439  -1214.48103767
  -3914.99567746 -10885.17849087  -9934.91985875  -6766.01074129
  -5102.51771038  -1040.02345851  -2782.25745742  -3612.82055969
  -2512.68042386  -3006.74787698  -6904.9246552   -4265.3759559
   -938.21923153   -958.1821343    -620.29902675  -1232.00852646
  -2632.23079403  -3828.82948572  -6754.33412153  -3826.47788452
   -692.31764176  -7155.97306378  -5551.37918382  -1495.55362294
  -5574.29853719  -4976.51923562  -2084.12814448  -2283.57893417
  -2500.29529192  -3097.05365047  -7490.77347058]
classification :  3
(3, 924)
[ -5139.94707549  -4629.05486841  -1575.71529267  -4796.19786114
  -5874.26279391  -2347.9484774   -6711.06548034  -4372.13450725
  -2558.6470551  -22500.06838301  -8047.98323281  -2334.43776655
 -11649.01385134  -2855.25782486  -6448.95954719 -15421.26003578
 -10232.46023068 -17851.3270398   -3744.76287982  -7603.62008346
  -6234.0845628   -3592.27943517  -8539.56439945  -5166.07310013
 -10390.67927753  -5287.06562343  -4903.70001022  -2966.60941018
  -5648.89029744  -7437.79205935  -7759.08339823 -17753.70281079
 -11438.13651303  -2543.82475571  -7145.96774243]
classification :  4
(3, 924)
[-6050.53337362 -4538.29424233 -2621.15394442  -270.03145067
 -2037.91477275 -3393.30812087 -4413.22453922 -1790.78271625
  -189.46604791 -7112.86465231 -1573.40848862  -725.44860592
 -8143.47760517 -1162.41755205 -6460.34386576 -5831.25726991
 -3118.57107115 -4408.98783185 -1768.48395351 -2631.30048632
 -1934.28706529 -3859.27004867 -8108.73891324  -544.23871319
 -1588.35083618 -4156.68103924 -3504.76128976 -1486.76239149
 -8770.57388675 -5861.37937392 -2407.76854021 -4333.27430516
 -5661.89171039 -1017.70212214 -8839.59376453]
classification end
ans :  [1, 1, 0, 2, 1, 1, 4, 3, 1, 3, 1, 0, 3, 1, 3, 1, 2, 3, 3, 3, 1, 0, 1, 1, 1, 3, 1, 1, 1, 1, 0, 1, 0, 3, 1, 3, 3, 3, 1, 1, 1, 3, 1, 3, 2, 1, 3, 1, 1, 4, 1, 3, 1, 1, 0, 1, 3, 4, 3, 1, 3, 1, 1, 2, 1, 1, 2, 1, 1, 1, 3, 1, 0, 1, 1, 1, 2, 1, 2, 2, 1, 1, 1, 1, 2, 1, 2, 1, 1, 2, 1, 1, 1, 1, 1, 1, 3, 1, 2, 3, 1, 1, 2, 3, 1, 3, 2, 1, 1, 2, 3, 2, 1, 1, 1, 1, 1, 2, 2, 3, 1, 1, 2, 1, 2, 1, 2, 2, 4, 1, 2, 2, 2, 2, 1, 2, 1, 2, 2, 3, 1, 2, 2, 1, 2, 3, 2, 3, 2, 2, 3, 1, 2, 2, 2, 1, 2, 2, 2, 1, 2, 2, 3, 1, 2, 1, 2, 2, 3, 3, 1, 1, 1, 1, 2, 2, 1, 2, 2, 2, 2, 3, 2, 1, 1, 2, 2, 1, 2, 2, 3, 2, 3, 1, 2, 1, 1, 1, 3, 3, 1, 1, 1, 2, 4, 1, 1, 3, 1, 1, 1, 1, 1, 4, 3, 1, 4, 1, 1, 1, 1, 1, 1, 0, 1, 1, 1, 0, 2, 3, 1, 0, 3, 1, 3, 1, 3, 3, 1, 2, 3, 1, 1, 1, 3, 1, 3, 1, 2, 1, 1, 3, 3, 1, 1, 2, 1, 1, 0, 1, 1, 3, 3, 2, 3, 3, 4, 1, 1, 3, 2, 0, 3, 1, 3, 3, 3, 3, 2, 3, 3, 1, 1, 1, 1, 3, 3, 2, 0, 1, 1, 1, 1, 4, 1, 1, 0, 4, 2, 3, 2, 2, 3, 2, 1, 3, 3, 1, 1, 1, 1, 3, 3, 1, 1, 2, 3, 4, 3, 2, 1, 3, 3, 1, 3]
ans rate  :  0.3055555555555556
confusion matrix
[[ 6. 33.  4. 19.  3.]
 [ 1. 38. 18.  7.  1.]
 [ 0. 18. 37. 10.  0.]
 [ 4. 39.  5. 14.  3.]
 [ 3. 23. 10. 25.  4.]]
[1.00000000e+000 3.32966533e-058 3.59284701e-156 2.60281939e-112]
[1.00000000e+000 5.06461605e-071 0.00000000e+000 6.08367979e-212]
[1.00000000e+000 2.25093981e-112 7.60018775e-141 3.45304217e-109]
[3.49416664e-017 7.89995915e-090 3.95375029e-130 1.00000000e+000]
[1.00000000e+000 1.25626290e-209 2.18987414e-110 2.37459560e-121]
[1.00000000e+000 5.24021249e-070 3.89573619e-210 5.76786343e-035]
[9.99999998e-01 2.42179069e-09 0.00000000e+00 2.77816931e-39]
[1.00000000e+00 2.06560259e-15 9.09140795e-89 1.52602733e-98]
[1.00000000e+000 9.92554085e-100 3.22865366e-044 1.07448464e-020]
[1.00000000e+000 4.40967142e-014 1.71235701e-137 7.57534331e-030]
[1.67798841e-22 1.00000000e+00 3.96722375e-30 2.67682206e-54]
[1.00000000e+000 9.53990962e-094 3.67053956e-115 1.43887235e-012]
[1.00000000e+00 2.42149184e-59 5.11291180e-26 2.01550809e-62]
[4.71498167e-071 2.08495971e-223 4.06601640e-276 1.00000000e+000]
[1.00000000e+00 2.73160072e-27 1.00797194e-77 6.89595567e-70]
[1.00000000e+000 2.86559657e-202 0.00000000e+000 1.15805127e-230]
[1.00000000e+00 2.30747720e-26 3.57371117e-25 7.64709797e-11]
[1.00000000e+00 1.25044939e-34 1.56776179e-46 1.07319095e-25]
[7.55892366e-069 1.00000000e+000 6.35359673e-168 2.25027668e-124]
[5.22543567e-37 1.69626591e-30 1.00000000e+00 2.71247010e-34]
[1.00000000e+000 1.77503674e-063 1.79621699e-184 1.32582923e-067]
[8.35699160e-011 1.74885341e-033 2.29751719e-107 1.00000000e+000]
[1.00000000e+000 1.39921687e-150 0.00000000e+000 1.91153795e-084]
[1.00000000e+000 3.17788516e-012 2.00502894e-136 7.77078597e-037]
[3.35712007e-26 1.09709938e-42 9.21081388e-37 1.00000000e+00]
[1.00000000e+000 3.24835880e-150 1.21949022e-056 1.33541655e-026]
[6.12098285e-078 1.00000000e+000 2.23874204e-140 4.93257700e-012]
[1.93113916e-022 1.99449145e-231 1.51694054e-166 1.00000000e+000]
[1.00000000e+00 2.79657356e-70 1.74235748e-72 2.89601792e-19]
[1.00000000e+000 6.12034821e-155 3.52108450e-196 2.98044473e-053]
[1.00000000e+000 1.96672759e-215 0.00000000e+000 1.67010198e-095]
[1.77189950e-41 1.80905023e-19 1.67846307e-29 1.00000000e+00]
[2.09080098e-141 5.97294544e-049 2.78460158e-081 1.00000000e+000]
[6.60081022e-035 3.14432150e-090 1.57343645e-120 1.00000000e+000]
[1.00000000e+00 5.05074213e-78 6.14117565e-24 4.23477592e-35]
